414 INDEX:

1177171711177, 843. 1777774, 30.
777,777,777777. 7777777777.
1137771177, 185, 375, 380, 381. sorim, 334.

Hercule, 41, 50, 775. ’ luda, 330.

nercule, 777777 1177177177. ludas„ 191, 771.

11777717 libyen, 50. 7777177, 318, 331.

11777777177177777, 764. · Julian 1777777171, 834.

Herode, 376, 377, 777,

1167747747, 377.

11777401743.

1177714777, 746.

nomm, 11· - 7118114311, 9³.

1101,979. 1777777777.

nonomen, 375, 376, 877. Kahat, 370.

Hom 60741. ³5⁰· 11711, wir Lycus.

¹¹0ka2 3⁵³· 1177177717, 334.

11077777εά77, 999, 334 gaium, 3¹23·

11008311. 378· · 'Kamir, 7747 cappadoce.

11777717. ⁶⁷- · xandzag, 115, 777, 777, 777, 777, 777, 777, 777, 291.

1177171777, 33. KQ, 17.

1¹th 22- 7777777777, 77.

flumme, 174, 137, 133, 1311141, 147, 143,144, 145, Kaffln 27(l 300

777, 777, 777, 777, 777, 777, 777, 777, 773. xarekin'nesc'hdouhi m

1171771771777777 (les), 367. Karkar, 570. ' ⁹

1130. 351· . · 117717771ῑί, 43.

“smus ²⁷⁰· 1111119,999.
1177771, 77, 710.
11777177, 77, 47.
11777177111177111777, 748, 301, 303.Ι
1177717177771111177711777777771, 301.
117717777771777,788.
1177177777171, 43.
11777117, 80.

777777, 77, 77, 77, 777.
leonium, 334.

Ilion, 7777317017.
Inda, 73, 87103.

magum, 777777 117771-8777777. 11777777, 707.

71777, 77, 777.

1371717771, 71,

1147177777, 71, 77, 44, 47, 137.
monui, 77, 77, 777, 777.
1177177771, 47, 740.

11377717, 304.

1147777771, 10.

l· 77777777, 777, 777.

117117, 77771· 371177.

7777777, 777, 777, 777, 777, 777, 777, 777. 1147771777. ³⁵³, 371-
7777777178771777, 338. , 11177117, 700, 731.

Jacob, 80. ⁴ 1117777177, 377.
7771, 144. 1117731777, 760.

77774177, 14, 18. 11177714, 380, 373.
saphet, 137. 1117777777 ou 1117777777, 377, 381, 833.

7777777, 331, 333, 337. 11177717, 306.
77777, 777,777, 999, 777, 777, 999. 77777, 777, 777, 777, 777.
san-napum, 777, 777, 777,777,777, 777, 777,777, 777, 11177177. 00.

334. 17771777υηί1, 33.
777771’11777777011717,344. 111707, 13, 47.
777711777177771777, 991. 1117777777771711170771.
377777 1177377771361, . 111771177777771, 70, 777, 743,

, ,77777 (3.), 303. 11177771, 750.
7471777717, 83. 1117777177υά, 334.
17717177, 337. 1117777747 ou 1117777777, 77717 chasma
74707777, 301. 1117777771771, 713.

Jerusalem, 91, 777, 777, 777, 777, 777, 777, 777, 990, 11777107111337·

991, 999, 777, 777, 777, 777, 991, 991. Khosrovouhi‚ 347-
Jews-christ, 777, 777, 777, 777, 777, 777, 777, 777, 777, 111777. 735-

777,777,777. 7777777, 777, 777.
Joghovs, 7771711777ῃί77, . 1117077ιί71777, 775, 777, 784, 785.
joseph, 3777, 11177777, 99. ’
7777777777777777. 1171143·

777777, 7777, 777, 777, 777, 777, 777, 777, 777, 7777, 773,
7771111777.

177771, 776.

777777, 777, 777, 777.

 

