ii6 INDEX.

1161661161116,1160, 266, 261. 6111611161, 661.

· 11616111, 166. Ninive, 16, 26, 27, 26, 26, 62, 167, 666, 661.
nerim, 661. 111111,11,11.16,16,61,117, 161.
1161161111, 266. 11111166, 26, 26, 66.

116166, 16. 1116116, 26.
1161611611, 266, 266, 267, 666. 11161111, 26.
1161611161 1161161111, 266, 261, 266, 261, 266, 276, 277, 11161161 116161, 26.

276, 266, 261, 661, 662, 666, 661. , 1116116161,6611 116666.
1166611666261. 11111116161161161611.
116666616116, 166, 166, 266, 617, 622, 626, 626, 626, 627, 1111116, 76.

661, 616, 611, 662, 666. 1166, 216, 216.

1166616 (16), 66. 116111, 266.

11116166, 66. ν 116111611111, 6611· vigintimil.
111111, 166. , 1616611111,161,166.

1111118111 mi 111151 3⁰⁶, 31171 3681 31191 ³70· Nomhil'mss, 206, 277, 267.
1611661666, 666. ’ 11611611, 61. “
111111·111166161,677. · 11611116611116, 621.

mmm, 3191 mi ³²32391·N01178110·Vffl02wstv28hssffl1b2d0
1111111611 611 Mithridate, 16. limma, 667.

Ι081511 1711 1871 3151347· 6616111, 339, 641, ³⁴4.

11666611, 676. ,

Homilai, 51. 0
116116, 61, 161, 161, 161, 116, 616, 166, 611. , ·

mse 1ιί663Κ71ἐ61616 , 12, 66, 662. oda, ,Μ’ ,Μ’ ³9⁶.

lior, 666. 0116, 661.
1161611111, 11. 611161, 166, 6111611.
1161111161·661,16. 6611616661111111.
1161161166, 11611 116666. 0111111111, 666, 666, 666, 666, 671, 666.
1161116, 261. 011111611166110111111116.
161111, 66. 011111, 6611· 0111116.
1161611, 116, 616, 1161116661, 666, 611, 666. 616, 61611616.
611, 116, 616, 166. 61166116, 11.
61616616, 616. , 01116616, 266, 256, 261.
1166611661, 116, 111, 116,166,161,161,166,111,161, 011111111161691. ⁴
166, 166161, 161, 161, 166, 161, 166, 166, 661, 6116, 0116116691. 111. 666.
161,111,666,616,116 616166. 0111111161 nominans, 161, 661. 161. 611.
iiouscheghamari, 661. 011111616111116, 667, 277.
1666111621. 0161166611116111616.
1116111, 1116. , oscinem, 116.
. 66111611, 16.
N Osgik, 616, 616.
“ 0661061131·
0611116, 262, 266.

666666663666161161166116, 161. 3ῗ,,ἰ“ζξξω’3“’

116116111611,661111111111161161611. oud} 49 iii 2⁸3,
1111611661, 16, 16, 111. 6116116661.

Ninia, ¹⁶⁸- · · ouonoron, 111.

inrisos, ³⁶5· 0161161111, 16, 66.
1161116316· 6111111,111,161,166,161.
mansuri, 1161119· 6611111, 611, 616, 611, 611.

6616616ῗῖ66161666. ⁸ ‘mmmmm'

6611166666616. , Ι
116111116611611,116,166,111,166,166,161, Ρ·

mmmmmmmmmmm

mmmmmmmffifflwmummmm

161, 161, 166, 166,161,161,166,161, 1661166166, Pul, 161, 166, 666.

116, 666, 6616116611. 1116111661, 166.
1111166166, 661, 111, 166, 616, 111, 111, 616, 111, mour, 111.

666, 666, 661. 1116666166666.
1116111161 611 11166161,12. 6661116111, 11611 1166161 ei 1166111166.
111166166116. 11111166, 661, 611, 1166111.
1116661616662. , 1611111νώ16, 12.
1116611161661111161111111166616. , 11111-661161116611, 1661116661.
1111616611, 266. 11611161, 116, 126, 261, 627.

11111161,161111111161. 1611161161, 166.

 

