133, 1311311. ’

1313331111, 374. ¹ vergea, 340.
11313, 41. 1411333313, 330.

'· 1111113311, 41, 31. 13111111, 133, 134, 333, 311,313, 313, 311. 313, 117,
mmm. ¹ mmmmm
vniranganis, 379. 1133333133, 333,

1111313333, 3111 1331333133. Victor, 57, 313, 311, 333,-333,
1711313333, 13, 14, 31, 33, 41, 44. 43, 44, 45, 40, 47, 48, 11111, 303.

43, 3ο, 31, 33, 333, 331, 334, 333, 337, 331. 17111, 13313313,
valens, 333, 343, 341, 343, 343, 344, 313, 343. 1013130111 nrago‘n, 341 333,
11313311ῃί33, 07. 1131331133,05,114. ¹
1131311311, 335. 131311, 333.
1311131133, 371,373,373, 373. 1131111133, 33.
1131133113 1131111133, 3118. 1113131143, 3311 111113.
131113 de 81331, 374. vag, 229.
1131113113 vahan, 3311 1131333114.
131133 1133113333, 374.

13113313 0311131311, 315,
1133, 41, 374, 370, 300.

1133331, 40, 333, 335, 353, 310, 331.
1313133311, 33.
113133 1111313331, 333.
113133, 310, 335, 338, 330, 331, 303, 304, 873, 374, 370,

373, 377, 373, 373. ,
113133,3ο17 1313113.
1313133133, 3311 colline (13113137. 3311133313, 33, 31.
11313ῑά33111, 337. 13311334.
113131 0313113333, 310. lamb, 33, 138.
1313353133131, 330, 333. 13131331, 171, 317.
1311331311, 3117, 398, 393, 300. 23111, 41, 188, 333.
1311333, 31, 33, 33. 1314131311, 374, 370.

1711333, 47. 4114113131, 31.
13133111, 308. 1311131331, 303.
’ 11311, 303. 1314113133, 41.·
131111, 333, 343, 331, 334, 255, 337, 373. zarisehad, 272.
131133331331, 303. 33113311, 30, 41.
11111131, 55. 3113331113333331333. ,
113113113311111, 305. 73131111, 37.
’ 1311331τί, 373, 373. laven, 307, 303, 310. ·
vas7ag, 37381373, 333333, 3133433311, 337, 313373, 3413313113, 37, 337, 333, 341, 343, 344, 313, 331.
23,2 ,39,380,299. ’ 394

113333 13 1133133133, 354, 355, 350, 357, 3511, 353, 300 3431131133, 335.

331, 3333333114, 333. umam, 14, 195, 334,
1331333333, 04. 33133311331111, 307.
mmm &mmmmm

1131313333304. · zinug, 305.
17111113, 333, 313, 313, 313, 317, 313, 333, 331, 333, 333, zonia, 333.
304, 305. , zoroastre, 38, 33.
1131311 1111131331ιί, 338. 13111, 308.
1313113, 05. 3311131113, 310.
v 13111311, 05. 13131171.
1331331331 11331331 113 113331, 45. 333111, 374, 375, 370.
1131111311 0113113100. 31313331313311331333113.

 

