' 133311. 113

83313 3313336, 3333133313331.

siam, 374.

8131113111, 373.

y 313133, 331.

sylvestre, 133.

syrini& 93, 133, 199, 317, 337, 344, 373, 331.

Τ.

Tacite, 395, 393, 337.
3311, 47, 134, 313.
3363113, 64.

3311333, 117.

333131, 13.
Tajknuink, 33.
3313113, 331.

Tangov, 333.

3333311, 333.

33113113, noir Danube.
Taranngh„ 166,134, 331, 335, 334, 359, 366, 361, 379.
331313, 333.

33113311, 315, 334.
3313111111, 379,

Tarsa, 394, 333
3331311613, 333.

Taurus, 51, 337, 341, 373.
33113333, 361, 334, 339.
’1333313331133Ι 313.
33331333331311, 313.
3333111131, 34.

33331111, 313.

33331313, 331.
Tchounag, 354.

Teghag, 377, 331, 334, 335.
33331133, 344.

3333311, 333. ,
3313313331 1333313333, 333.

· 33111311, 343.

mmfflffiffimmmmmm
Terdjan, 133.

3313333, 373, 331, 334, 395, 393.

3331311133, 36, 41. .

Tavia, 313, 344, 351, 331, 334 375.

3336633, 33111113.

3336633, 339, 333, 333, 333, 333, 339, 333, 343, 333.

1333113333.
33313111, 33.

· 33313133, 33.

3331313, 33.

3331113311, 333.

31131333, 3311 33311633.

3331131311, 3311331133311.

Thecla, 345.

33363113, 3311 Thessalia.

3333313613, 3311 1131133 du 6311113311.
Theodora, 345, 343.

Theon, 335.

Thessalia, 397.

Thena, 3311 Antiochus.

Thh, 133, 311, 335, 391, 353, 370, 371, 383.
331133, noir Sirat.

Thomas, 313, 333.

Thomas 3161133111, 333, 334. .
3331333, 11,11, 133, 111,133,113,131,111,131.
Thornia, 131, 131, 111, 111, 111, 111, 311.
333113, 333, 333, 339. ’

313313, 317, 313, 319, 334, 335, 333, 339.

rigam& 3131, aa, 11, aa, 31,1ο,133,111,113,113,
3, .

‚Tigranocerta 33, 333, 393.

Tigre, 31.

f Timnihaian, 335.

3111131133, 335,
Timotheo, 333, 333, 343, 341.
3111331133, 353.

, Tioghlidianos, 3311 1113316ῑί311.

Tiridate, 1111, 131, 133, 131, 113, 313, 313, 311, 111,

' 344, 351, 353, 653, 354, 355, 373, 395, 396, 3177.

Tiridate 13 3131131113.

Tiridate (53131), 19.

113131131133331,31, 131, 131, 1311111111, 111,
111, 113, 131, 133134, 131, 113133, 113, 111, 111,-
144, 147, 161, 166,169,171.176,179, 163, iai, 167,
mememmmmm

⁴ 1311111151.

1131311, 133, 107, 331.

“ 1113365.

31113133173.

33313, 35, 313, 333.
3333333633113331, 373
Tonoa-concholhros, 001131011010010
Trajan, 3311 Deae.

313333, 394, 395.
3131331333,111, 135, aaa, 131.
31313, 41.

3131131133 9113333, 333. ’
3131133334.

Τ131, 353.

313133, 43.

33133-113313, 313.

Tzoiag, 31.

3131333316, 31.

3133, 3311 11133.

3131, 49.

Tanai, 335.

’ 3133333347.

3131133316, 373, 333.

113331333331.

1333133314.

1333333333, 31, 133, 111, 111, 311331.

113333133331136, 33, 130, 133139, 143, 141, 153, 134,
133,Ι 171, 113, 173, 137, 193, 313, 374, 339, 343, 344.

133333333333131313333331331331333.

13331313, 131, 111, 113

133373.

1133311311 331 Vahah’n, 4ο, 41, 51, 134, 173, 335.

133111333337, 333, 339, 373, 371, 373, 374, 375, 377,
mfflmm ·

Vahan 1313631131, 117.

vahan 6333313333, 373, 373, 373, 373, 333.

1133311 1333113, 334, 335, 333, 337, 333.

vahan 1333333131373, 377, 333.

 

