118121. Ι
110282, 811 , 315, 819, 950, 982, 818, 801, 888.

11111131, 812, 122.

1118311118, 885.
8818118181.

m

68811, 2812 681.
811118211222828222. ·

- 6181118-1118118,881118811111.

18881181, 8811888888.
Faustus, 287, 291, 808.
Faustus 118 11311888, 288.
881181118881,8811 8111811181.
1111811118,811, 891, 895.
1118112, 81, 85.

11811811, 898. ‚

68113811, 198.

omioni, 819, ’
881188818818881121188118111818
gffi'ffi] 112,118,111,112,118, 1111112118,

682111, 221, 278, 278, 279, 827.

68188188, 828.

68118, 217, 299, 805, 811, 851, 858881.
681181, 287.

QMMAE&

68122188, 18, 18, 19, 21, 11,18, 198, 197.
681818388, 8811 11818118.

ww&

68181, 88, 11.

&nats-vair, 88111188 1181118.

6181318, 851, 852, 881.

6811882118, 87.

6888881881. 828.

6118118811, 822.

6118881818, 822, 821.

6118218181881.

6181111311, 8812 6111118

6118113811, 218.

6183, 810, 881, 882, 888, 889, 870, 871, 875, 878, 888.
Μμη
cmmm

(103111, 288.
(101, 112, 215, 279, 8011.

68138118, 820.

(1021282, 18, 22.
681811181,881.

Gom, 298, 299

681183, 897.

68211811, 85.

6811118111, 288, 808, 805 807.
6811, 889. Ι
mmmm&
6811888121, 81.

8111811, 21, 128, 211, 222, 211, 288, 222, 288, 282. 821.
68181228, 827. ι

681111, 818, 888, 889.

68111, 1811611111.

681128, 878.

61811111181811, 11, 18.

mmmmmfflmmmmmm
277, 278, 807, 881881.

61881, 281, 258, 295, 895.

62830128, 122,128,127, 181,182,181, 198, 1111, 1112,
152151, 155, 158, 159, 180,181, 182, 188185, 187,

·1‘QQQMQQMQWMQ

mmmfflmeQOm
211, 212, 218, 211, 220, 221, 222,Ι 228, 221, 225, 228,
mmfflmmmmmmmm
mmmmmmmfflmmffl
mmmmmmmmffimm
880, 881. .

628381281211811111818111, 1012111, 891.

62138118 Magistros, 108.

6111188811 611118.

ῆωωωωωω

61881181, 887, 811, 812, 850, 851, 852, 882885

6811183111, 850.

61183111, 850. ¹

6111111111, 222.

6111111381, 8812· 61118888.

68111 2181118111, 10.

1181111811, 891, 892, 898.

1181818811, 22.

888188888888800
stwfflmemmwfflz

1181383, 80, 81, 50.

8813818888, 17.

” 1181388211, 880.

118111, 19.

flam-tzor, 19.

mffimmfflmmmmmm
mmmm ¹

11811881882, 871.

11818818, 881. ,.

1188181881811811, 881.

1181888811, 800. ,

8888888881ὴὶ, 270, 277, 800.

118811118211, 877.

11818111, 211.

1181188182 218. .

“ 11111,12, 11181, 111, 181,-8118111811, 818, 818, 881.
. 1111111,21,22,111,182.

118211, 8811· 11118212.

,Qfflwmfflwffiwmmm

mfflfflffimmffimmm
1181888318111, 17.
118118, 85, 98.
1181283, 229.

· 118111811-128111111, 221, 227.

118111812, 229.
1181118181, 17.
1181818188111111, 219, 282.
1188118, 218.

1181118113, 827.

11118118, 881.

1111118113, 800.

‘ 1181818381111, 19.

 

