 

INDEX.

11151, 310.

1114451, 337, 340, 341, 344, 345, 347, 343, 343, 345, 350,

1115555, 373.

mmmmmmmmmmm
335, 395. ·

1155, 347.

11555155, 33, 53, 333.

115551551ιί, 51.

1155155551, 354.

115154, 41515 ’15555 544 1515544.

11511 15 341455, 330.

11555515, 333.

115555, 370.

1154545 1455555551, 337, 331.

11545551155155, 151, 133, 133, 173, 177.

115155, 311. ’

1155145551, 43. ,

115551551 Sapor, 333, 333, 333.

11555, 5515115554.

1155455554, 33, 335, 335, 333, 333.

15545545, 43.

1155145, 353.

1151155, 5511· 35455155.

11551555, 375.

114145515554, 334.

15545544.

115555, 173, 337, 344.
115555 55 3444515, 331.
11551154, 5515155555.
155551, 343.

15515, 115.

1515551154, 317, 333, 335, 331.
Levi, 30. '
Libye, 43, 37. .
mmmmmm
1555 55 515, 375.
uem-saints, 341.
115145545515 maius.

1155, 5515 1515534.
1115114554, 5515 555154 31455.
1415415, 5511· 1555.

1554154, 5515 15445144.

155, 340.

155155, 135.

Lucius 115445, 55.

15155, 51.

Lycus, 135, 153.

15445144, 337.

1154555, 333.
114555551554, 44.
1155555551, 333373, 33
114544, 335, 353.
1145515455, 335.
1155515445551, 333.
114555555555, 333.
· 11451555545, 130.
1155514151, 331.
114555 nith, 373.
1141555551, 373.

115151, 34, 44, 45.

11514557.

1151544155, 353.

11511555, 47.

1155515οηί554, 335, 343, 351, 354, 355, 353, 357, 337, 333,
333, 340, 350, 333, 353, 334, 353, 375, 330.

114555455555, 333.

11555555, 333, 393.

114555115511545555551, 313, 330.

114555, 313.

1155141451, 134.

1155545, 333.

11555555, 13, 333.

1155454141551551155444555555, 313, 307 .

115555555513, 55.

1155555555, 333, 303.

1155555555, 351.

11555, 331.

11451554, 331.

1145555, 317.

11451455551, 50, 333. ,

mwmmmmmmmmm

mmmm

1155555555, 33.

115541, 347, 310.

1145451, 333.

1155 154435115513, 14, 17, 13, 33, 35, 33, 53. ,

1155411555135, 133.

115541555515-5155, 5511· Monam-der. ,

11555, 331, 393.

1145551341.

11454144, 155.

mmmmm

115515, 155, 343, 353.

mmmmm

Marinus, 5515 5451554. ι

1145555 ou 11555155, 351.

11455555, 377.

11551, 333.

1155555145, 334.

11554145, 133.

114411, 330.

1144414, 31, 45, 53, 133, 331.

1141415144 1145554545331.

11555155, 333, 354, 335.

11514555135.

1145555331.

1151155155, 155, 335.

54555555 ou 1115455114, 347.

115554, 43.

5ώ5555.

1155545555, 44, 45, 135143, 313, 333, 374.

1155455515, 135, 353.

ωψωηωωωωωωωω,
mmmmm

Meghdea‚ 5515 11455554.

11555544, 350. 1

1155551, 345, 350, 335, 357, 371, 373, 374, 375, 373, 330

11455554, 333.

114555τά1155, warhan-Baptista

1111555345.

1111555145, 315, 333, 340.

1145415155 5545555551, 337, 333.

1155555411, 354.

1155554155, 340.

1555454551, 43,

 

