413 . 22221.

40540111 54111144, ⁵⁰· · ¹ 82121222122, 51.
11212, 25. . , · mmm, 39,
311Ιέ499, 65. Schavarschan, 999.
Rufus, ³92· sehamch, 122.
’ 8211112222, 2292259,
821121112929.
8211222222, 229.
Sabinus, 917, 927. 8922322222, 219, 922.
212221, 215, 222. schinum, 122.
8221122122, 222. 8211112, 252.
8221221222, 227.
8222222112, 295.
2212222222.
8211212221, 222, 225, 242, 297, 299.
8211221991. .
2221141222, 272.
821119-62121722, 922, 929, sebaste, 172, 944.
821111-8211112, 242. 8211922, 195.
8212128122921. 82212222, 922.
Sakastan, 2211· 8221221112. seleucus, 42, 199. ,
8211211259. , , 82122222 Nicator, 42, 192.
samson, 59. 8211121112, 29, 292.
· 8222222, 214, 215, 212. ’ 82122211222247821122112.
sapor, 134, 222, 251, 255, 252, 257, 252, 252, 222, 221, 222, 334.
222, 222, 234, 133, 222, 227, 222, 222, 272, 271, 272, 2212112212,22,22,22,22,21,52. 127.
272, 215, 272, 277, 222, 221, 222, 134, 225, 222, 227, 522229. 59, 94, ⁶⁵, ³⁷0, ⁸⁷1. ³⁷². ³⁷³, ,874 ³⁷⁵, ³⁷⁶.
mmm mmmmm
Sanassar,'34, 51. 8212222221ιί, 94.
8212222222, 15, 99, 91, 92. 8922212111), 94, 199.
82122, 979. 8224122, 25.
8212122, 22118212212122111. 2222121121, 22118222221111.
Sampsiceramus, 917, 922, 929, 927 8222212112, 94, 47.
. samuel, 277, 225. 2212212221 1222112, 44.
sanadroug, 195, 299, 250, 221, 922, 929, 999, 991. Serapion, 313.
22222, 927. Serge, 245, 429.
82222, 991. , 821212, 995.
8221221112, 9991 82212111, 91, 94.
8211221295. , 8129111211, 49.
8212129, 219, 219. · 8112, 51.
82111221, 199. Simeon, 995.
8211115, 2211 Serge. Simon, 999.
Sarmatic, 87· 811222-Ρ12112, 929, 922, 925.
Sason, 2211821122. 81221219, 992.
saman, 114, 334. 2122212, 21, 34, 171, 127, 134, 222, 212, 212, 121. 222,
sassoun, 222, 224. 212, 222222, 252, 251, 225, 272, 922, 3414, 307, 222, ’
82122, 2211· 1121122. 942, 947, 949, 959, 959, 954, 994.
821212, 199. , Sioua, 252.
82122, 997, 999, 949, 952. 81121, 12.
8211212, 99. “ 212222, 21, 44, 49, 49,
8112212122, 252. 81222222, 21,24, 51.
8112212221, 47. · 81211, 59.
. 81121, 995. 82221, 924.
8211221111, 924. 8222212, 249.
8212222222, 299. 82112221, 999.
8222211112, 227, 291, 292. ’ 821211, 21.
8211211211, 197. sophie, 343.
. 8222121122251. 8222217222222112122.
8211211212, 997, 999, 999. . 8222122, 99.
8222222222, 999. Soter, 2211 Antiochus. .
82221121-11212211, 219. 822221, 922. ·
8211111122, 222. source 222 9212212, 974.
ν 2212121122221282121121212. 822121222, 944.
8211212112 92112122, 49, 52. ⁴ 822122, 991,992, 927, 949, 979. ’
Sampsiceramus 22 schamschagram, 79, 917, 922, 929. 822122 12 Ρ2122, 299, 224.
8211222211, 2212 Sapor. 822122 Ρ211121, 299.
8211222211-92122,229. 8221211122, 922.
2211212, 29, 21, 44, 45, 49. 822112, 249.

 

