INDEX.

981818,11,198. ,

98118181, 11,18, 85, 288.

98118181 9118188188, 198.

98181881, 198.

mmmm

9818118,85.

9818188, 251, 277, 281, 898.

9811118881, 218.

9811118811, 279, 281.

98111888, 218.

98118188, 178, 888.

9811818881 , 8811· 8881811188.

981181881811 9811181881, 87, 217, 271, 278, 277, 281,

9111881188, 85, 271, 275, 817, 818, 828, 821, 828, 829, 881.
882, 888.

981118818811811· Pam 5818188188.

Pup 8118111, 1ο.

98818, 888, 881.

9811188111, 881, 888.

9811181811, 225.

98181118, 198.

98181188 1188181881, 158

981811181121.

9818118181, 828.

9118111118188, 828.

9818818, voit· 8818888885.

9811881818, 821, 822, 828, 821.-

Ι111ο111,21,198. ·

9818818181, 21.

981881188188118, 821.

1818811118818, 187,·

9111811111 811 18111118181,881“1888118.

1 911188118111188888.

9111181188, 1811· 8111188888.

9811118818, 88128198, 812. “

9811111818, 78, 98, 812, 818.

98888212.

98888 811 9118111815, 88, 181, 218, 282, 258, 259, 281
118, 818, 811, 818, 881.

988188, 881.

98888, 8811888815.

Patmos, 811.

98181181828. ·

Paul, 182.

Paul 1888888818, 881.

9811881818, 819, 821.

981, 19.

9111888, 81.

1811888181.

91111181, 828, 821, 825.

9811181, 8811918181.

1111881188.

9188888188, 887.

9888118811, 228, 288.

· 98811888, 81.

98188, 8811118111.

9518182811. =

98188, 91, 98, 115, 121, 188, 185, 217, 221, 229, 288,
mmmmmmmmmmm
285, 297, 298, 882, 828, 827, 888, 887, 812, 818, 881,
888, 889, 878, 875, 880, 881, 891, 898.

thmmmmmmmmm

mm, ²⁶3⁹ 288, 278, 287, 881, 882, 888, 897, 881, 898.
18, 82.

98111888, vvir 98118.

98888881, 18, 258.

9888888188, 59.

m 19119 11151Ιῶ

9881181888, 188, 288, 818.
91188118, 879.

9188111181, 878. ’
Ρξῗπξῦτξω, 250, 252. 253, 251, 257, 285, 278, 271, 275,
Phanou, 888.
mmmmmmmmm
9881181188, voit 9111811188.
9118188181, 198.

918188188188, 288.

91881818, 817, 827. -
98818188 8891111881, 828.
Philippo, 12, 75, 78, 98, 827, 828.
9111888, 210, 229, 288.

9111811, 218.

9118888, 881.

9111111811, 88, 895.

918118, 818, 828, 885.

911818, 821, 827, 828, 889.
9111111818, 81.

91881811, 88.

9188181) 88818118, 881.

91881818, 198.

Pom, 822.

9811888, 281.

9811881118, 811, 885.

9818818, 891.

98888-911818, 881.

9881, 21, 18, 11, 15, 58, 52, 88, 898.
98118 18 8181, 88.

98118 1181818, 185.

98811, 889.

98811888, 828.

’ 9881181, 818.

988888111,8811 Constantinople.

988888, 858. ’

9188818881817, 818, 811, 811, 819, 851, 858, 855, 881,
mmmmmmmmmmm
mmmmm

918111, 858.

911818, 81811.

Probus, 897.

notun-Armenia, 21.

988818881188888, 78.

9111111888, 89.

Pythie, 897.

Quintus, 898.

8888181881, 85.

nmfflffl.

88ρὶ1188, 817.

11881818, 212.

8811881888, 881.

881118, 818.

mmmmmmmmmm

11188188, 871.

8888188818, 188, 181, 185, 187,188, 212, 228, 818.

1111188, 887.

1181881811, 178.

Romaim, 12, 828.

Rome, 187, 188, 818, 828, 821, 825, 8188111, 811, 811, ,
mmffim

 

