M

1333111193.

11131, 17.

133313311313, 322.

Ammm

QO

11333133, 323. s

1331111111, 325, 331.

1311311131, 331.

Aquila, 341.

mfflffifflfflMM·

1131311333, 193197.

Arabes, 35.

1Μ3ΜΜΜ

mamni. 350, 333, 370, 373, 377, 373.

1111111337. “ ·

1111, 3311 Araxe.

11111131, 20,193, 231,

1131133, 30.

313313333.

11331315, 1911197.
ΜΜ3ΜΜΜΜ
mmwwwwwmw

11311, 43, 49, 193, 197.
ω3333333331ῌ33,
lwwmwmmfflmmmm
mmmmmmmmmm
11133, 20.

111131313133, 323.

1331111141.

1131331111, 51.

11311333311, 251.

111113, 20, 21, 39, 44, 49, 33, 120, 193. -
1131133331, 253.

1111313331, 33111113111133111.

1131161131, 323, 253.

1131111311, 273, 274.

mmm

' 11313113, 302.

1133331133, 33, 120,133, 143, 151,152, 134, 213, 222,
274, 275, 393, 397.

1133331133, 3311 Artaxata.
»ΜΜ33ΜΨ3ΜΜΜΜ
327, 330. 331, 391, 392, 393, 393.

1131131113, 299.
memeMmm
1131111, 3311 11111113. “
1131111111311331, 131, 233, 212, 213221, 223, 223,
304, 305. ·
11331321 1133311131ιυί. 393.
11311, 330, 343.
11331111, 370.
1133113311, 347.
11311133, 324.
11311311331111133311.
11311331, 33.
mam

,mmm

11311, 373, 374.

113313, 310.

1131113311, 3311 1132133111.

11323311, 347.

1132131131, 34, 47, 223, 250, 331, 345, 347, 332.
1131133, 324.

11311, 317.

mugen, 3311331311.

11313, 253.

111131, 327.

INDEX.

Arevpan, 330.

1113113, 243.

fflfflmmmmmfflmm

11133113, 370. ·

11133, 30.

11131112, 233, 291.

1113133133, 311 13331131, 33311131333333,

11131311 33 Pella, 391, 391393.

111113, 220.

1111133113, 34.

11111113, 39, 40.

11131, 293.

11111113, 20, 21. ·

AmMnmmmnmfflamffi

ΑΠΙΙΘΙῙ, 22. s

QOmwm

1111131113, 3311 7113111331.

1Μ31

11313313, 303.

1131333311, 199.

mwmmm

1133111133.

11311331, 34. ·

Amce, 13, 1213, 11, 32, 31, 113, 113.

Arsace le 311111, 41, 42, 327.

Arsacides, 342, 393, .

mmmmmmmmmmm
mmmmmmmmmmm
mmmmmmmffimmm
mmmmmmmmmmm
mmmmmwQOQm‚
333, 323,

113311111311, 247, 243, 249.

113311133υηί, 3311 1131311133.

mwmmmm

1133131333, 3311 Aaron.

mmmmmmmm

1133113111, 193, 230, 232, 233, 323, 327.

1133111111 caramagna, 221, 227, 231.

11331133, 199.

1133111133, 131.

mmmmmmmmmfflz

111311, 3311 111133.

11111313, 39,107.

1113111, 330.

11111313, 393.

11111111, 235.

QOm

⁸ QOffiffimwfflfflwwmss

131133, 193.

1331131133 2311111, 327.
13333113, 303, 310.
1331111112, 33.

13311331, 351.

11111311, 331.
mmmfflm
133111133311, 199.
1331113133, 3311 Astyage.
1333111331, 335.
1331313311, 332.
mmmm
Asdghon, 333,
1133113311, 343.
Anguem, 313.
13133333, 193, 193.
1313, 43.

 

