INDEX.

333332, 371.

333331, 35.

Assur, 392.

mmmnnnnnmmmnmm,
mmmmmmmm

QO

Astyage, 35, 33,·37, 33, 39, 23, 23.

mmmmmmmmmm

Aterbadngnn, 333332320313133.

QO

3233331323, on 2113333333, 222, 227, 229, 233.

32232333, 332.

mmfflm

2222333333, 272, 273, 223, 222, 227, 229, 233, 337, 322,
323, 329, 332.

2222233131, 32.

mfflm

mmmmm

32331213, 331, 332.

2230131311232312, 33133333332133231133.

medina-pion, 3312333333-1133231133.

mewffl

32113, 322, 823.

R

Qnmmmmmmmmmm
278, 278, 280, 281, 282, 288, 282, 285, 289, 280, 281,

Bffimmmmmmmm1

nfflmmnnnnnmmmmnm

333332, 233, 227, 213.

nannenus, 32.

3302133, 322.

33333, 259.

&mm

Bagrnt flagrando, 223.

mmmnnnnmnmn

331213, noir Pahl.

Baianis mnia, 22.

mmmmfflfflffifflfflfflm

Bambischen, 227, 283.

3323333133, 882.

3322132, 3333321113.

3322133233, 33, 37, 73, 72, 75, 73, 33, 95, 323, 392.

33231112, 323.

mmm

332132, 233.

33211232, 25.

Barnun, 32, 32.

3323112·13233,331νο3132133 232333.

’ 3323323323, 332.

3321331332. 333, 333, 332.
33223233, 73.

333113, 233, 223, 222, 222, 223, 332. .
33312323, 32, 53.

333333, 232. .
3311321133, 293, 297, 323, 323.
331133, 3322331133.

33133233, 33.

33133, 23, 27, 23, 29, 23.
332313, 33121123Μῖ

3313133313, 327.

3302133333, 327.

Beth-para, 822.
3131133, 323.

33212, 373, 372.
3321233, 373.
333333-2133231133, 352.
3333223, 879.

3231333, 33.

323333, 33.

0313, 252.

03131233, 323.

03133322, 323, 821. ·

033331133, 80.

(wmnnmmfflmmmw
233, 233, 227, 323, 322, 392, 395.

0323331132, 3322 Antonin.

03213, 337.

03233, 397.

03333333, 32.

Cassius, 323.

wmffifflmfflnmn

Gelse, 331.

0331231133, 29.

03233 12123133, 397.

cesar-Auguste, 323.

3Μ3ωωωωωωωᾙ3
280, 288, 228, 222, 225, 220, 227, 288, 282, 285, 887,
mmmmfflmmmmffim
885, 887.

cnara, 22.

0123213112, 880.

Chalcedone, 333.

01231033, 392.

0123133323, 37, 239.

01231313, 22, 237, 277, 393.

012332, 392. ,

0123323 de 11321, 372.

mmm

Ghnpouh‚ 3312 Sapor.

01023312, 33.

01232233, 372.

'ffimfflffimmmmmmmm

mmmmmmwmmmmnmnn
mmmmmmmmmmm
mmmwmmm ·
fflwwwwnmfflfflfflmm
mmmmmfflffimmmm
mfflmfflfflmmmmmm

“ ‘mmmmmmmmmmffl,

mmmmmmmmmmm
mnmnmmwmmfflmnmffln
mmmmmmmmmmm
mmmmmmm

02313, 23.

0111313. 199, 393.

cmfflffimfflm

013331231313 Rhodion, 897.

0331382213, 31.

0311133 (1313 mort, 372.

0311133 des Peupliers‚ 373, 379.

0311133 23173233, 375.

colonia, 22.

0333331333, 32.

constance, 233, 293. ·

0333132113, 133, 235, 186,188, 133, 223, 232, 322, 351.

 

